’ΜΜΜΜ

11444104, 409

11411004, 54

1140114104, 19, 97, 117, 196, m, 451

1141414104, 94, 40, 70

1141141104, 915

1141041604106, 900

8410 104, 910

11410114 604, 7 41044ιίοι

Bm, 44

11141104, 998, 967

Bion, 49, 96, 170, 908, 950, 954, 997,

11144104, 58, 99, 196, 197, 159, 999, 996,
998, 840, 954, 979, 499, 494, 465

111441041104,105,947

6441141104,181

8414440ιὰ10490, 960, 999

1141010, 80 1

1144114016, 99, 89 41044410.

1144104146. Α1161., 116

1140161004, 900

11146404, 908, 416

1114041160ιί04, 90, 414

Β100411104, 99 4141161.

1110010ςί04, 69

11064404, 96, 98 4141161.

8013444104, 195

Burmannus, 99,58

8041411104955 ,

00441 6411. G„ 9, 108, 905, 959989,
ΜΜΜΜΜΜ’

-ΜοωΜΜΜΜι
Calaber Qu„ 951

041114141, 149

Callimac’hushymn. 1011140. ,,9,17 96,

44, 51, 994, 966, 481

’ —— 10 1141, 51, 981, 411
ψ*ΜψΉΜΜ,Μ
—-- 10 Jov 99, 59, 914, 466
-——-· 10141441.Ρ411.,59, 190
-ψΜμΜΜΜΜΜ
-ῇΜμ,ΜΜΜΜ
0400400004, 179

00440640οι9, 94, 95 4141161.
ww&

Catullus, 99, 119
οωΜΜΜΜΜΜΜ
’ 441,414,444,444,419,444
cellarius, 50 .

Celsus, 169

Cephisodotus, 91

0416146414, 194

0414111104, 90, 999

06441404495

ΜΜΜΜΜΜΜΜΜ
·ΜΜΜΜΜΜΜΜ
ΜΜΜΜΜΜΜΜ

“ (3114ιῖ141104, 199
chrysostomus, 19, 91 ,50 77, 86, 87,100,

:⁵⁵¹

Cicero 64 Finibus, 16, 499
—de 01114114, 99, 199, 990, 964,
400, 469
——de Ν41.1)441.,67,1719,454969
-- 0141. 0141141114, 196
Bulbo, 968
, 01040114, 996
’ Flacco, 409
Fonteio, 199
Manilio, 494
----·-· 914044, 809
Rabirio, 986
1144410499

, ——-—---*· in Verr.‚ 149, 908,

-Ρ611100., 54, 87, 88
-— 104401, 17, 98
—— 161146. ,415

-- 114464οι, 979
-- 0141. 0141, 189
--· 1441104, 99

-- De 8404441996, 987

. -- 1)41)111011411.,94, 145, 987

Ἡ 46111114.,17,76,171,944, 947,

—-— 46 Fam 9, 995, 490, 485

-461111.,44561591,99,
99, 46, 70, 89, 88, 86, 106, 1-,18 ’im
191, 195, 141 ,167,177, 197,908, m,
Μ,ΜΜΜΜΜΜΜ,Λ
888, 864, 968, 869, 879, 894, 400, 404,
ΜΜΜΜΜΜ,Μ,Μ
ΜΜΜΜΜΜ

01411104, 40, 999, 509, 506

0144016411, 496

Clemens Alexandrinus, 90, 145, 199,
ΜΜΜΜΜΜΜ

cleomedes, 54, 984

Clericus, 959, 496

0140 06013104, 504

(hm 114104,14

Comicus, 4164100406.

Conon, 494

042014340ἓο Porphyrogenneu„ 159,

st

04010ςὶ04000, 196

0414000914

Corinthus, 509

Cornelius 114044, 4, 9, 18, 90, 156,168,
106, 900, 909, 999491, 499, 194, 460,

0411104, 9, 959

0110404144, 47, 156

0144144950 ·

Culicis Auctor, 947

0004100196, 997, 995

0011104 Q„ 41, 49, 957, 990

00100471

114140 vnn 19, 75, 195, 947
1100404144, 464

178, 184,910,997,949,415,419,456 Damus, 95

 

