1001011οΜ. .

Homerus Odysa. 0., ww, 160944,
ww

-06110 1., 89, 51, 111,186,909,
908, 816

--06111.14.,159, 191,909,391, 349

-- 06111. Δ.,41,59,199, 159, 318,
mmm

-06110 0.,81, 931

--· 06111. 11,, 105, 816, 450

-06 11.51.,111, 189. 306, 811,455

—U OJyuaoq 191, 214, 244, 2⁵⁰,
869, 434 ·

-06110 11,, 199, 151, 111, 869,
489, 499

—- Odyu. 9., 151,189, 914, 951,
988, 899, 849, 498, 461

--·- 06010 9., 181, 151, 991, 899,
815, 499, 499

--06]11. T„ 16, 100, 318, 330,849,
affl, 480

-- Odyu. 9., 46, 810

—-·- 061111. 4., 898, 444

-ωμωο0001

-Ο6111.0.,19,99, 100, 914

-11011001100., 59, 149, 991, 985

—- Hymn. 10 Cer„ 89, 41, 68, 11,
lmmmmfflwwm

. 914, 950, 889, 459

-110010.101., 155, 166, 188, 991,
wmmmmmffiffl

Horatius 0d., 9,5, 19, 90, 39, 48, 86, 88,
181, 146, 154, 916, 918, 991, 951,
ffimmmmmwQ
484, 441, 451, 461, 468, 411

--- 11006, 43, 908, 916, 404

’‘⁸⁸'- curm· &0⁸9 94, 991

--0οωωωωωωο

, 196, 144, 168, 916, 981, 909, 881,

881. 894, 469, 418, 499

mEPisstqQ, 100, 128, 1441 822,
490, 454, 489 ·

·-—- 1411. 9001, 114, 451, 465, 489

1101001101, 41 , 901

1113100005

8100111101, 4101011111.

1101111111011111, 61, 69, 108, 909, 899

9001101, 1 01 passim.

11500101, 914

60111101, 66, 118, 181, 988

10100111, 11. 10, 101, 101, 111, 111,
911, 959, 919, 898, 849, 889, 408,
414, 494 ’

1110110111οι, 991

1110111,58, 196, 118, 886, 440

1116011110

isocrates, 1, 98, 88, 48, 59, 91, 85, 94,
QmmfflfflQO
mQQmmmm
fflmmmmmm

Julianus, 11, 81, 88, 134, 189,116,
0000000
890, 859, 409, 448, 461, 469

1000010100οι, 96

10111001, 9, 88, 810, 891, 886, 895,
mmm

10111001 1101101, 14, 15, 31, 119, 999, ’
000

1010011111, 1, 84, 161, 816

1110011101, 91

1101018011, 885, 815, 494
11100101, 66

10001011, 1, 61

11010101, 85, 95, 198,186 Ι ¹
memffimfflwffln
1111011101, 40, 109

1001001101, 9, 885
Lampridius, 309
langius, 99

1010110101, 179
1010101101 Georgius, 81
10110001, 919

. 1001101, 806

1001100101, 911, 949

1120 100,, 11, 10, 111, 100, 111, 00,
mm

10001611 Alex„ 41, 881

---·· 101001, 188, 818

100011018011010111001, 18, 56, 348

leopardus Paulus, 10, 191, 985, 801,

10110018000111010, 980

-- 110οο010, 44, 54

00000000οω0
ΜΜΜΜΜΜΛ1
mmmmmmm
459, 415, 419

1131111001, 85, 109

1106000001,11

Lipsius, 168

Livius, 8, 9, 11. 15, 49, 51, 88, 16, 89,
Qmmffimmffl
mffimfflmm

Lobineau, 948

Longinus, 1, 10, 89, 40, 109, 154, 191,
mmmffiffl ·

fflmQQQQQmQ
mmmmmmm
984, 989, 898, 801, 891, 889, 840,
mmmmmm

Lucinam, 9,’9, 10, 11, 19, 90, 98, 96,
91, 81, 84, 85, 88, 40, 41, 46, 48,
000000000
000000000
00000οω00
0000000
0000000
0000000
111, 118, 119, 180, 181, 188, 184,
0000000,
909, 904, 906, 901, 908, 909, 911,
mmmmffimm
mmmmmmm
mmmemm

 

m ·

