Ι 1111101111.

047, 000, 410, 440, 440, 448, 401,
400, 400, 407

Euripiden lph. 71111.. 80, 107, 100, 140,
144, 008, 004, 017, 000, 000, 090, 400,
&mmmm

--- 0711114,“17, 30, 08,ὐο, 97,
100, 107,100, 140, 107, 178,181, 194,
001, 000, 009, 010, 870, ROE. 000, 894,
400, 418, 404, 409, 408, 000

---·01·1111., 09, 00, 107, 111, 108,
100140104, 108, 171,170, 190,
001,.004, 007, 000, 004, 000, 000,
090, 800, 041, 370, 410, 400, 440,
440, 448, 400, 400, 407

'‘⁸¹⁸'— Phoeun ¹2, 2⁵, 32. 884 ⁴8,
40, 47, 00, 70, 80, 90100110180,
100, 107, 140, 100, 100, 104, 100,
170, 170, 194, 001, 000 000, 010,
018, 009, 047, 000, 00 1, 004, 000, 070,
,mmmmmmmm
400, 440, 440, 408, 400, 407, 470,
474, 477, 480

-—· 111141·,173,006,000,004,401,

--- 1110, 11, 11, 11, 11, 111,
170, 004, 070, 448, 408, 400

ᾞΤωωη ”¹⁸⁶9 5¹. ιω, ”⁹1
000, 404, 409, 480, 480

——hffimmfflffl

0101111101, 17,100, 100, 173, 007, 080

Euanthius, 10, 08, 00, 00, 01, 89, 100,
188, 000, 047, 000, 070, 091, 007,
070, 097, 4901111101

Eutropius, 011, 017, 047

0111114111,11111 Am.

0111111111, 07, 1110, 110, 101, 040
0101011111, 01

0111111941οΒ

marius. 000

Festus, 1117, 060

1111411111111, 190

macheras, 38et 1111111
noetvoodua, 1190

Florem Christianus, 140, 1110, 001, 000
0101111070, 000, 000, 400

Penius, 140, 100

0011101111, 100

811111111111, 100, 044, 000, 407
0101011ιο78, 081, 001, 470, 470, 403,
0111111111,Βο

1111111111, 180, 0011, 004

leun, 160

1111, 01, 170, 1011, 409

6111111111, 01, 001
Gna. 017
omu- AEneau, 451
Gellius, 00, 37, 00, 141, 080, 000
Geminum ‘

Ἠ

011ρο1.14411ο1., 001

Georgius, 11, 11, 11, 85, 171, 4111

(1111111111, 000, 090

1111111111, 007

11111111 1111111νί01, m

0111111111 Joh. Georg. 04, 101, 110, 101,
mm

(111111117111α111111, 01

0113110111 7111111111ιὶ1, 114, 111, m

Gregorius Corinth. 111, 110, 177, 1118,

-·-- uniamus 40, 100, 004,
004, m, 004, 400, 000

——met

Groddecem, 000

011101111011011111, 011, 000, 0110

-τ-- 0111101111. 9, 110, 170470,
090, 481

Gratim, 019, 009, 400

Hagenbuchiun, 100

flammandos, 44 ’

Humenopuluu, 07

Rupocntion, 17, 00, 00, 44, 04, 70, 70,
mmmmmmm
080, 0844110

1111111111 1111, 00

Hem 11111111, 400

Hegemo, 001

Hegesias, 15⁵

1111111111οω, 010, 401, 474

Heliodorus, 01, 41, 08, 00, 101, m,
mmmmmmm‚
mmemmm·

Hemnerhuninn, 011

11111101,οῦ

Repudium 401

1111111311, 6³

mmm

11111ωαὶ1111, 010, 070

Hermodemun, 104

Herodianus, 7, 11, 00, 00, 81, 07, 00, 40,

ssfflQffimemmv‘
QOQmmmm ·

mmmmmmm
mmmmmmw
mmemmm
mffifflffifflmm
Qmmmnwzssmam
QQQQQQmme
mfflmmmmmm
mmmmmemmmffi
fflmmmmmmm
mmemmmm
Qmfflmwmffim
mmmmmmmffi
mmfflmfflmm
-—⁴ffimfflmastssm
mwwaQfflM
mmmmwmmm·
mmmemQffl
mmmmmeQ
uss-ffimmmffimmm

,2¹3

2
asan *ferte-7 “ce o‘cw' semma

J

 

