AvcwonU-M.

9111111111, 888
Parmenio, 888
Parthenius, 989
mfflfflfflfflmmffl
Ρ111111 Silentium, 888
ffimmeQQQffimffl
81, 94, 95, 188, 111, 118, 119, 198,
189,188188,148,188,188,188,118,
ιωωηωωωωω
111,111,111,111111,111,111,111,
981, 988, 998, 996, 998, 999, 888, 881 ,
1111111111111111
844, 848, 888,881, 889, 88], 881, 481,
Qffimmm
Ρ111, 188
Perizonius, 18, 99,18, 19,98, 119, 181,
191, 911, 918, 998, 888, 419, 489
1111111181198 ,
9111111111. 988, 418, 498, 488, 441
Phemius, 888
Phaedrus, 1, 11, 11, 41, 111, 111, 111,
&mm'
141111111188, 94, 188, 118, 188, 899, 888,
888, 418 ,
mmm
Phanoeles, 89,]18
Ρ11111111111, 988
Philemo, 88, 111, 489, 441
Philippus Τ111111111, 998
ηὼηωηωηωω,
QO
ffiffiwmwmu
911101111ςί11, 981 ’
Philostratus, 8, 98, 98, 48, 181, 198199,
fflmmmfflmm
meffimmm
mmmmmmm
800, 881, 888, 899, 898, 849, 888,
mmmmmmm
449, 441, 488, 489, 488, 481, 499
Ρ1101111,41,81,88,86,98,991,980, 414
Phrynicus, 84, 8918, 181, 898, 898,
444, 481
Ρ111111111,8 ¹
Pindarus, 99,188, 984, 881, 881, 888,
851, 488, 488
Pinedo, 911,818
Phi-cus, 88
Ρ111111111, 48 ¹
Plato, 18,88,48,88,88,11,98, 181,191,
189, 149, 181, 188, 181, 181, 118,
mmfflmmmm
2½mmmemm,
mmmmmmm
319, 889, 887, 484, 418, 488, 489,
mmmmmmm
mantus, 1, 11, 11, 11, 11, 111, 111,
988, 411, 499, 488, 481 , 488
Plinius, 9, 8, 1, 8, 11, 19, 19, 88, 41,
fflfflwwfflfflQmAEss
181, 981, 888, 819, 411, 489, 418,
assason&
Ρ1ι11111111,9, 19,18, 99, 91, 98, 99, 88,

,551

. 1111111111

lwmmmwmmmm
mmmmmmffim
memeQm
lemmmfflmwd
mmmmmfflmm
mmmmmmmm
mmmmmme
mmmmemQ
846, ³⁵⁸, ⁸⁹8. 10814881 m, 48,, ⁴³⁹)
mmm

Polemo, 991

, 498

9111111111, meh·

mmmmmssssffimm
mmmmmwmmm
2mmmmmm

9111111118,98,81,19,188,198,199, 188,
mmmmmmmm

Polybius, 9, 98, 91, 88, 44, 48, 48, 88,
κῆηωηωηηηω
ssfflmmmmwmwffi
111,111,111,111,111,111,111,111,
ΜΜΜΜΜΜΜ
mmmmmmm
111, 111, 111, 111, 111, 111, 111,
ΜΜΜΜΜΜΜ,
mmmmmmm
mmfflmmmm

Pomponius 81111, 1111111111.

Popius, 194

911111111184, 189, 988, 884, 848, 481

Porsenna, l 1111111111.

Posidippum, 119, 989 ·

Pousinus 911111, 181, 888, 488

91111111, 44, 48

91181111, 48

Priscianus, 4, 888

9111111111. 81111111, 918

Proclua, 14, 119

Propertius, 98, 941, 998, 818, 484

91111181111111111, 819 ’

8111111, 841, 818

Pseudo Didymus, 111

Ptolomeus 1111111111. 1111911111.

Pythagoran, 111, 908, 481

Quintilianum, 111, 111, 111
Rammius, 488

1111111Ιὶ11, 8, 89, 81, 988, 888, 888,

881, 888, 499, 489
11111111, 4
Reimarus, 48
1111111111, 48, 888
1111111111, 88, 89
1111111111, 49
1113111111, 11,
111111, 918
8111111111, 18, 89
8111111111, 11

8111111111, 186

 

