1001011011. 589

Theophrastus, 98, 64, 73116, 98, 99,
100110, 190, 183, 114, 116, 119,
181, 191, 901, 916, 919, 969, 910,
898, 899, 334, 363, 409, 439, 440,
463, 469, 494, 808

1110011110101, 63, 409

1111111101, 986

11101011Μο5111.,3,10,96, 61, 103109,
191, 181, 186, 189, 111,181, 183,
181, 196, 191, 911, 988, 941, 980, 999,
391, 888, 819,409, 449

Thucydides lib. i., 9, 14, 98, 91, 68,
83, 98, 96, 106114, 130, 184, 188,
181, 189, 193, 191, 934, 944, 948,
981, 989, 999, 309, 336, 388, 381, 891,
401, 418, 496, 484, 466, 419, 418,
419, 499, 800 ·

-46100οΜ1010
991, 931, 939, 941, 998, 880, 408,
413, 496, 481

-1111.111., 9,91, 61, 6810, 199,
130, 148, 119, 901, 918, 919, 393, 338,
388, 349, 844, 380, 391, 401, 491, 801

--100,60010110,
65, 80, 84, 193, 141, 181, 199, 191,
988, 948, 959, 913, 919, 399, 431, 466

——mmstnfflssmm
139, 908, 948, 919, 340, 380, 414, 484

-QQQQQQQQ
148,146,181, 181,991, 931, 986919,
986, 989, 349, 489, 441

-·-1111.111., 99, 31, 34, 88, 98,
ΜΜΜΜΜΜΜΜ
981, 991, 998, 844, 498 .

-οώοωωωωο
lg, 983, 948, 919, 989, 986, 998, 344,

1101101111

1111111111, 13, 99

1111011, 1848, 69, 10, 11, 19, 99, 190

101009111101, 88

1011101, 481

1000111, 1 et 0111110

111101111001101, 183

11111001, 188

Tryphiodoruu, 316

1100611168

11111001, 18, 189, 188, 389

1111111001, 181, 149, 481

11101146, 111, 186, 193, 388

111011010τὶ0, 96 0101111111
10111101, 88

1111011101, 11, 911, 409

11111, 939

Vanum, 99, 81, 998, 981, 861
10110198, 910, 964, 994, 416
1011100101891, 488
1111111111, 6, 8, 11, 109, 398, 439
1’110011101,318

vigenis, 18

1’ 1110110001, 81

vinetus 91111, 109, 481

Virgilius Eolog, 13, 194, 901, 998,
981, soma. 319, 841, 891, 498, 494, ·
434, 468, 414, 489, 486, 486

-ceoig., 1. 11, 111, 101

-—- 190, 8, 88, 39, 89, 16, 39, 88,
90, 91, 118, 114, 111, 1180198, 139,
160, 189, 963, 964, 900, 908, 918,
808, 894, 898, 880, 898, 400, 411,

0101010161016000 “

486, 491, 499, 809, 806
-— Ciris. 808
Ulpianus, 89, 491 ·
1011101, 9, 90, 131, 803
110100, 183, 910, 399
Vriemaet, 199
Ursinus, 13
Vulcanius, 403
vulgatus 1001011161πί Codicis. 88,

199, 949, 333, 391
Vulteius, 144

111ςο010116, 890 ,
Wakefieldius, 89, 168, 916
walkerus, 61

9111101101, 989, 911
11011101, 184, 996
Wegelinus, 990

1111111111, 68, 949

110111ῐο1, 46 et 111111
11011011ος111, 94
9101011101, 990

Whelems, 18, 94, 999
1118111101 1011. 0011110011, 99, 98, 38, 68,
11011101, 1

1101111101, 06
91]11011111011101,9,68, 189

Xenophon Cyrop.,8, 18, 13, 94, 86, 4ο,
1000000000
vfflmmmfflwwm
133, 188, 136, 143141, 181,160, 166,
mmmfflmmmm
mmmmmmmm
981, 918, 919981, 989, 999, 996,
mmmmmmm
mmmmmmmm
384, 369, 310, 819, 399, 403, 418,
mmmmmmffim
469, 463, 468, 466, 486, 499, 809, 804

--06000000
88,68, 99, 110, 116190, ,189, 136,
139188, 160, 118, 904919, 989, 940,
966, 800, 889, 418, 441,484, 464, 468,
461, 419, 418, 489, 800, 803

-- 1111661, 18, 84, 68, 10, 98, 139,
memmmm
991, 300, 341, 319, 399, 499

——- Memorab, 34, 40, 80, 88, 61,
wstmmmmm
mmmmmmmm
419, 481, 464, 486, 481, 494, 801

 

