Μ

⁸6,100, 118,191,196,184, 149, 160,
QQQQQQQ
affiffimmmmmm
&mmmm
1144οά44669.14.,19,91,49,60,51,109,’
mwfflmme
lffiwmmmmffim,
ffimfflmmm
·--—-lib. 4., 21, 64, 66, 86, 94, 162,
mmmmmffim
mmewfflmffi
-m-mffiffmmwme
mmmmmmm
mmmmme
881, 666, 658, 466, 481, 464
-Αωὼωηηωηῆ
mmfflmmmm
mmwwwmm
mmmmwmmm‚
986, 998, 616, 899, 668, 661
——1ib. viii. 1,9, 14, 62, 49, 61, 16,
16, 86, 95, 106, 119, 195,199, 188,
149, 146,]58,169,196, 191, 966,
945, 918, 919,991, 696, 861, 869,
646, 661, 660, 669, 461, 460
--ffimQQmem
Qmmemm
meQOm
mmssm
1144141144, 109, 901
11441οά44 Op. 1, 26, 60, 46, 60. 61, 69,
'vwffiQQmmm
948, 609, 616, 698, 699, 692, 698,
mfflmmffim
·--· Theog. 16,66,19,82, 119, 116,
mmmmmmm
-—- Sem. Herc„ 116, 441, 468
Hesychius, 8 et panim.
11444444444,696
Hemina, 66
Heusingerun, 96, 80
Heynius, 69, 4841411111.
1114404144184
1116444144612
Hindenburgiuu, 419
Hiulopen„ 81
mmmffimmmmm
969, 619, 661, 661, 661, 614, 696
Hirtius, 95, 191, 651, 464, 488
110414411444, 660
116844641144, 61, 166
11644644ςὶ44, 91, 161, 866, 481, 446,
456, 415, 419, 494
Homerus Iliad Α.. 24, 64, 69, 18, 96,
104, 110, 118, 111, 190, 191, 194,
mmmmmmm
wamaQmestQfflffi
mawnffiwamammn
461, 461, 480, 498, 5119, 503, 506
,ψ-Μήωηῆηηηω,
lwmwmffimm
mmmmmmmm
491, 449, 461, 468, 469, 488, 495, 500

mlix 111

Homerus 114461,,86,19,118 111, 184,
fflmfflmmm’m
944, 266, 294, 696, 660, 499, 486,
Qmffl'm

-—- 11146. 4., 8, 90, 88, 98, 184,
144, 18, 182, 294, 995, 298, 809,
661,418, 491, 441, 446, 468

-11146.6.,96, 41, 111, 118186,
161, 186, 291,989, 286, 266, 950, 996,
611,819,691,691,656.616,468,606

-- Iliad. 9., 101, 114, 111, 124,
149, 161, 216, 991, 260, 611, 619,
666, 616, 406, 419, 468, 418

— 11140. 11,, 16, 68, 88, 102,191,
fflmmmm

-—— 11146. 8., 119,194, 189, 198,
999, 609, 661, 666, 616, 400, 491,
mmfflfflm

-111461.,62,46,11,19,101,194,
149, 110, 111,]11, 190,919,999, 989,
244966, 911,916.986, 984, 611, 661,
964, 666, 616, 618, 888, 689, 428,
491, 484, 449, 482, 496, 491

-11146.Κ.,90, 96, 116, 904996,
961,299,664, 666, 616, 686,8ω

-11146.Δ.,14, 19,194, 186908,
414444414444444414,414444 ·

-11140.1.,69,19, 116, 196166,
221,468

-11146 8.,18,161,144, 166166,
mmwmffim

*11146 6., 86209, 912, 494, 499,

-11146 0., 69, 165, 908, 906996,
814,691, 898, mum!

--11146. 11,,6, 11,60,69,119,999,
mmmmmffimw

-—- Iliad. Ρ.,2, 11,66,96,101,185,
961, 985,669, 491, 419, 494, mm

mniad. 1., 61, 60, 89, 161, 986,
929, 664, 699, 401,419, 449

-Μῃωωωωπ

-ΛΜΜΏ

--·-11146.4., 19, 16, 181, 999, 811,
mmmmm

-fflQffiwffimm
260, 961, 942, 669, 449, 466

-mfflmflzmmmstm
Qmmmmmmm
mmmm

-11146.6,12,19, 101, 189, 816,
801,898, 869406

-00144 6., 58, 199, 210, SD»
mm ι

--06]44.8.,160,186,189,914,461

-wmmffimmm

-fflmfflwnmffim
186, 661,461

-- odyn, 8., 101, 109, 198, 981,
mmm

““““““ 09188· 215 ⁰0, 491

-04144 9.,214,918, m

 

